
10000
9
6
2023
1369
aarya
10
10000
9
6
2023
1478
yogit
20
10001
9
6
2023
1369
aarya
10
550
10002
9
6
2023
1234
asdf
100
10000
10003
9
6
2023
987
qwerty
10
10003
9
6
2023
1478
yogit
10
500
10004
9
6
2023
1456
Dolo 650
25
10004
9
6
2023
1390
yogit
10
10005
9
6
2023
1390
yogit
10
10000
10006
9
6
2023
456
poi
10
1000
10006
9
6
2023
1213
joshua
10
550550
10007
9
6
2023
1369
aarya
10
1000
10008
9
6
2023
1369
aarya
10
1000
10009
9
6
2023
1213
joshua
10
10000
10009
9
6
2023
1213
joshua
10
500
10010
9
6
2023
1213
joshua
20
1000
10011
9
6
2023
1213
joshua
20
1000
10011
9
6
2023
1369
aarya
10
1000